# name: neural
# type: matrix
# rows: 50
# columns: 
50
-4.724517 -4.724517 -4.7245154 -4.7245126 -4.724506 -4.7244906 -4.724457 -4.72438 -4.7242074 -4.7238164 -4.722928 -4.720896 -4.7161593 -4.704682 -4.6746144 -4.5849185 -4.2875648 -3.5400438 -2.8007326 -2.5067825 -2.4160476 -2.3849661 -2.37243 -2.342972 -0.4901445 -0.006229937 0.46191287 2.3318202 2.3617928 2.3736587 2.40297 2.4886332 2.7679386 3.4875607 4.2477126 4.5618296 4.658268 4.6908107 4.703266 4.7084117 4.710621 4.711586 4.712012 4.712199 4.7122827 4.71232 4.7123356 4.712343 4.712346 4.712347 4.7123485 4.712349 4.7123485 4.7123485 4.7123485 4.7123485 4.7123485 4.7123485 4.7123485 4.7123485 4.7123485 4.7123485 4.7123485 4.7123485 4.7123485 4.7123485 4.7123485 4.7123485 4.7123485 4.7123485 4.7123485 4.7123485 4.7123485 4.7123485 4.7123485 4.7123485 4.7123485 4.7123485 4.7123485 4.7123485 4.7123485 4.7123485 4.7123485 4.7123485 4.7123485 4.7123485 4.7123485 4.7123485 4.7123485 4.7123485 4.7123485 4.7123485 4.7123485 4.7123485 4.7123485 4.7123485 4.7123485 4.7123485 4.7123485 4.7123485 
-4.730185 -4.7301846 -4.7301836 -4.7301807 -4.7301745 -4.7301607 -4.7301297 -4.7300596 -4.7299013 -4.7295427 -4.728729 -4.7268662 -4.7225223 -4.711988 -4.6843286 -4.601298 -4.320921 -3.586868 -2.8285851 -2.5199509 -2.4239545 -2.3909962 -2.3777587 -2.349656 -0.5234401 -0.012228474 0.45626062 2.3261626 2.3561294 2.3679929 2.397303 2.4829655 2.7622707 3.4818926 4.242045 4.5561614 4.6526 4.6851425 4.697598 4.7027435 4.704953 4.705918 4.7063437 4.7065315 4.7066145 4.7066517 4.7066674 4.706675 4.706678 4.706679 4.7066803 4.706681 4.7066803 4.7066803 4.7066803 4.7066803 4.7066803 4.7066803 4.7066803 4.7066803 4.7066803 4.7066803 4.7066803 4.7066803 4.7066803 4.7066803 4.7066803 4.7066803 4.7066803 4.7066803 4.7066803 4.7066803 4.7066803 4.7066803 4.7066803 4.7066803 4.7066803 4.7066803 4.7066803 4.7066803 4.7066803 4.7066803 4.7066803 4.7066803 4.7066803 4.7066803 4.7066803 4.7066803 4.7066803 4.7066803 4.7066803 4.7066803 4.7066803 4.7066803 4.7066803 4.7066803 4.7066803 4.7066803 4.7066803 4.7066803 
-4.7429156 -4.7429156 -4.7429147 -4.742913 -4.7429075 -4.7428966 -4.7428718 -4.742816 -4.7426896 -4.7424045 -4.741755 -4.7402697 -4.7368007 -4.7283607 -4.7060223 -4.637509 -4.3923426 -3.680172 -2.880762 -2.54407 -2.4383402 -2.4019418 -2.3874226 -2.3617985 -0.5947417 -0.025695547 0.44356492 2.313455 2.3434093 2.3552668 2.3845744 2.4702356 2.7495403 3.469162 4.2293143 4.543431 4.639869 4.672412 4.6848674 4.690013 4.6922226 4.693187 4.693613 4.693801 4.693884 4.693921 4.693937 4.6939445 4.6939473 4.6939483 4.6939497 4.69395 4.6939497 4.6939497 4.6939497 4.6939497 4.6939497 4.6939497 4.6939497 4.6939497 4.6939497 4.6939497 4.6939497 4.6939497 4.6939497 4.6939497 4.6939497 4.6939497 4.6939497 4.6939497 4.6939497 4.6939497 4.6939497 4.6939497 4.6939497 4.6939497 4.6939497 4.6939497 4.6939497 4.6939497 4.6939497 4.6939497 4.6939497 4.6939497 4.6939497 4.6939497 4.6939497 4.6939497 4.6939497 4.6939497 4.6939497 4.6939497 4.6939497 4.6939497 4.6939497 4.6939497 4.6939497 4.6939497 4.6939497 4.6939497 
-4.773535 -4.773535 -4.7735343 -4.773534 -4.773532 -4.773527 -4.7735176 -4.773495 -4.7734447 -4.773331 -4.773072 -4.772475 -4.7710633 -4.767527 -4.7575016 -4.721455 -4.5465775 -3.8543515 -2.9678035 -2.5827844 -2.4611702 -2.419247 -2.40268 -2.38102 -0.74876404 -0.058050245 0.41302893 2.2828913 2.3128152 2.324659 2.3539605 2.439619 2.7189226 3.4385438 4.1986957 4.512812 4.6092505 4.6417933 4.6542487 4.6593943 4.661604 4.6625686 4.6629944 4.6631823 4.663265 4.6633024 4.663318 4.663326 4.6633286 4.6633296 4.663331 4.6633315 4.663331 4.663331 4.663331 4.663331 4.663331 4.663331 4.663331 4.663331 4.663331 4.663331 4.663331 4.663331 4.663331 4.663331 4.663331 4.663331 4.663331 4.663331 4.663331 4.663331 4.663331 4.663331 4.663331 4.663331 4.663331 4.663331 4.663331 4.663331 4.663331 4.663331 4.663331 4.663331 4.663331 4.663331 4.663331 4.663331 4.663331 4.663331 4.663331 4.663331 4.663331 4.663331 4.663331 4.663331 4.663331 4.663331 4.663331 4.663331 
-4.8554344 -4.855435 -4.8554363 -4.8554387 -4.855444 -4.8554564 -4.8554845 -4.855548 -4.855691 -4.856014 -4.856743 -4.858398 -4.8621716 -4.8708453 -4.8905478 -4.9263005 -4.8674626 -4.130026 -3.0833507 -2.6314356 -2.4894156 -2.4405441 -2.4214213 -2.4047198 -1.0694126 -0.14435074 0.33134016 2.201132 2.2309792 2.2427878 2.272074 2.3577256 2.637026 3.356646 4.116797 4.4309134 4.5273514 4.559894 4.5723495 4.577495 4.5797043 4.5806694 4.581095 4.5812826 4.581366 4.5814033 4.581419 4.5814266 4.5814295 4.5814304 4.581432 4.5814323 4.581432 4.581432 4.581432 4.581432 4.581432 4.581432 4.581432 4.581432 4.581432 4.581432 4.581432 4.581432 4.581432 4.581432 4.581432 4.581432 4.581432 4.581432 4.581432 4.581432 4.581432 4.581432 4.581432 4.581432 4.581432 4.581432 4.581432 4.581432 4.581432 4.581432 4.581432 4.581432 4.581432 4.581432 4.581432 4.581432 4.581432 4.581432 4.581432 4.581432 4.581432 4.581432 4.581432 4.581432 4.581432 4.581432 4.581432 4.581432 
-5.0954123 -5.0954146 -5.095419 -5.09543 -5.095454 -5.0955086 -5.095631 -5.095908 -5.096533 -5.0979424 -5.1011267 -5.1083345 -5.124704 -5.1619825 -5.2452497 -5.399649 -5.4022303 -4.4334836 -3.1867304 -2.672521 -2.5128903 -2.4581516 -2.4368858 -2.4243486 -1.6044015 -0.39521408 0.091888756 1.961504 1.9911599 2.002881 2.0321283 2.1177628 2.3970556 3.116672 3.8768215 4.190937 4.2873755 4.319918 4.332373 4.3375187 4.3397284 4.340693 4.341119 4.3413067 4.3413897 4.341427 4.3414426 4.34145 4.341453 4.341454 4.3414555 4.341456 4.3414555 4.3414555 4.3414555 4.3414555 4.3414555 4.3414555 4.3414555 4.3414555 4.3414555 4.3414555 4.3414555 4.3414555 4.3414555 4.3414555 4.3414555 4.3414555 4.3414555 4.3414555 4.3414555 4.3414555 4.3414555 4.3414555 4.3414555 4.3414555 4.3414555 4.3414555 4.3414555 4.3414555 4.3414555 4.3414555 4.3414555 4.3414555 4.3414555 4.3414555 4.3414555 4.3414555 4.3414555 4.3414555 4.3414555 4.3414555 4.3414555 4.3414555 4.3414555 4.3414555 4.3414555 4.3414555 4.3414555 4.3414555 
-5.695547 -5.6955514 -5.695561 -5.6955833 -5.695633 -5.6957445 -5.6959963 -5.6965637 -5.6978436 -5.7007246 -5.7071977 -5.7216763 -5.753675 -5.8220987 -5.953613 -6.1149364 -5.90519 -4.6209316 -3.2410336 -2.693242 -2.5246015 -2.4669037 -2.4445627 -2.4341178 -2.1082742 -1.0097468 -0.5075266 1.3618472 1.3912414 1.4028432 1.4320376 1.5176487 1.796931 2.516543 3.2766902 3.590805 3.6872427 3.719785 3.7322402 3.7373857 3.7395952 3.74056 3.7409856 3.7411735 3.7412567 3.7412937 3.74131 3.7413173 3.7413204 3.7413213 3.7413225 3.7413228 3.7413228 3.7413225 3.7413225 3.7413225 3.7413225 3.7413225 3.7413225 3.7413225 3.7413225 3.7413225 3.7413225 3.7413225 3.7413225 3.7413225 3.7413225 3.7413225 3.7413225 3.7413225 3.7413225 3.7413225 3.7413225 3.7413225 3.7413225 3.7413225 3.7413225 3.7413225 3.7413225 3.7413225 3.7413225 3.7413225 3.7413225 3.7413225 3.7413225 3.7413225 3.7413225 3.7413225 3.7413225 3.7413225 3.7413225 3.7413225 3.7413225 3.7413225 3.7413225 3.7413225 3.7413225 3.7413225 3.7413225 3.7413225 
