# name: fuzzysystem
# type: matrix
# rows: 50
# columns: 50
-4.975245 -4.975242 -4.9752345 -4.9752183 -4.975182 -4.975099 -4.9749126 -4.9744916 -4.973543 -4.971406 -4.9666004 -4.9558334 -4.9318924 -4.8795795 -4.769488 -4.555075 -4.1941323 -3.7134945 -3.2400236 -2.8936374 -2.6914563 -2.5885837 -2.5386243 -2.4616196 -1.235301 -0.04807155 1.1606007 2.4110098 2.4890995 2.5390835 2.641956 2.844137 3.1905227 3.6639946 4.144633 4.505575 4.7199883 4.83008 4.882393 4.906334 4.917101 4.921906 4.924043 4.924992 4.925413 4.9255996 4.925682 4.925719 4.925735 4.9257426 
-4.9494514 -4.9494486 -4.9494414 -4.949425 -4.9493895 -4.949307 -4.9491224 -4.9487057 -4.9477673 -4.945653 -4.940897 -4.930242 -4.9065514 -4.854783 -4.745838 -4.53366 -4.176478 -3.7008483 -3.2323108 -2.889534 -2.6894593 -2.5876591 -2.53822 -2.462027 -1.2550808 -0.09720945 1.1033454 2.3587058 2.4370904 2.4865782 2.5883791 2.7884536 3.1312299 3.5997684 4.075398 4.4325795 4.644758 4.753703 4.805471 4.829162 4.839817 4.8445725 4.846687 4.8476257 4.8480425 4.848227 4.848309 4.8483453 4.8483615 4.8483686 
-4.8989973 -4.898995 -4.8989873 -4.898972 -4.8989367 -4.898856 -4.8986754 -4.8982673 -4.897348 -4.895277 -4.8906193 -4.8801837 -4.856981 -4.8062787 -4.6995783 -4.49177 -4.141945 -3.6761115 -3.2172244 -2.8815079 -2.6855543 -2.5858507 -2.5374293 -2.4628232 -1.2931749 -0.19061814 0.9930761 2.2564623 2.335355 2.3838713 2.4835768 2.6795301 3.0152462 3.4741342 3.9399672 4.2897916 4.4976 4.604301 4.6550026 4.678206 4.6886415 4.693299 4.6953697 4.6962895 4.6966977 4.6968784 4.6969585 4.6969943 4.6970096 4.697017 
-4.8063126 -4.80631 -4.806303 -4.8062882 -4.8062544 -4.8061767 -4.806003 -4.8056107 -4.804727 -4.802736 -4.7982583 -4.788226 -4.7659187 -4.717176 -4.6145973 -4.4148173 -4.078507 -3.63067 -3.189511 -2.866764 -2.6783805 -2.5825286 -2.5359776 -2.4642837 -1.361163 -0.3534254 0.7962737 2.0688834 2.1484718 2.1951985 2.2910538 2.479437 2.8021836 3.2433436 3.6911805 4.0274906 4.227271 4.3298497 4.3785925 4.4008994 4.4109316 4.415409 4.4174 4.4182844 4.4186764 4.4188504 4.418927 4.4189615 4.418977 4.4189835 
-4.654171 -4.6541686 -4.654162 -4.654148 -4.6541166 -4.654044 -4.653882 -4.6535153 -4.65269 -4.6508303 -4.646648 -4.6372776 -4.6164417 -4.5709143 -4.475102 -4.2885 -3.9743733 -3.556077 -3.144018 -2.8425603 -2.666603 -2.5770736 -2.5335922 -2.4666743 -1.4674902 -0.5984725 0.4884888 1.7616595 1.8417252 1.8854988 1.9750341 2.1509912 2.4524486 2.8645084 3.2828047 3.5969307 3.783533 3.8793454 3.924873 3.9457088 3.9550793 3.9592612 3.9611208 3.9619467 3.9623132 3.9624755 3.9625475 3.9625795 3.9625936 3.9626 
-4.445277 -4.445275 -4.445269 -4.445256 -4.445227 -4.445162 -4.445016 -4.444685 -4.443939 -4.44226 -4.438483 -4.4300213 -4.411206 -4.3700924 -4.2835703 -4.1150618 -3.8313942 -3.453657 -3.0815518 -2.8093243 -2.6504283 -2.5695798 -2.5303133 -2.4699414 -1.6036966 -0.89643735 0.09420064 1.3412184 1.4205977 1.4602872 1.5411445 1.7000405 1.9722677 2.3443732 2.7221107 3.0057783 3.1742873 3.2608094 3.301922 3.3207376 3.3291996 3.332976 3.3346553 3.335401 3.3357322 3.335879 3.3359437 3.3359725 3.3359852 3.3359911 
-4.2191596 -4.2191577 -4.2191525 -4.2191415 -4.219116 -4.2190585 -4.218929 -4.2186365 -4.2179775 -4.2164936 -4.2131557 -4.205677 -4.189049 -4.1527133 -4.0762467 -3.9273221 -3.6766222 -3.3427851 -3.013926 -2.7733364 -2.6329074 -2.5614552 -2.526751 -2.4734502 -1.7396928 -1.1774614 -0.29951146 0.8879325 0.9648288 1.000059 1.0715225 1.2119517 1.4525409 1.7814003 2.1152372 2.3659372 2.514862 2.5913286 2.6276636 2.6442924 2.6517708 2.6551082 2.6565924 2.6572516 2.6575441 2.6576736 2.657731 2.6577566 2.6577678 2.657773 
-4.029499 -4.029497 -4.029493 -4.029483 -4.0294604 -4.0294094 -4.0292935 -4.029033 -4.0284476 -4.0271273 -4.024157 -4.0175033 -4.0027084 -3.9703808 -3.902347 -3.769846 -3.5467927 -3.2497716 -2.9571795 -2.7431223 -2.6181798 -2.5546076 -2.5237296 -2.476347 -1.8455348 -1.3856612 -0.6060095 0.5092519 0.58267915 0.6141386 0.6777235 0.8026662 1.016723 1.3093158 1.606337 1.8293896 1.9618909 2.0299246 2.0622528 2.0770476 2.0837014 2.0866709 2.0879912 2.0885777 2.0888379 2.0889533 2.0890043 2.089027 2.089037 2.0890415 
-3.9015625 -3.9015608 -3.9015565 -3.9015474 -3.9015272 -3.90148 -3.901374 -3.9011357 -3.9005988 -3.8993886 -3.8966668 -3.890569 -3.8770103 -3.847384 -3.785035 -3.6636052 -3.4591901 -3.1869874 -2.9188437 -2.722673 -2.6081703 -2.5499096 -2.5216115 -2.4782116 -1.9129698 -1.5138628 -0.8014786 0.25478104 0.32515866 0.35406014 0.41233355 0.5268363 0.72300696 0.9911512 1.263354 1.4677685 1.5891985 1.6515474 1.681174 1.6947328 1.7008306 1.7035519 1.7047621 1.7052995 1.705538 1.7056435 1.7056904 1.7057112 1.7057203 1.7057246 
-3.8273764 -3.8273747 -3.8273706 -3.827362 -3.8273425 -3.827298 -3.827198 -3.826972 -3.8264632 -3.825317 -3.822739 -3.8169627 -3.804119 -3.776055 -3.7169943 -3.6019692 -3.4083352 -3.1504889 -2.8964872 -2.7106626 -2.602199 -2.5470111 -2.5202048 -2.479105 -1.9504472 -1.5838125 -0.91053116 0.10803126 0.1763827 0.20379856 0.2589994 0.36746314 0.5532875 0.80728954 1.0651357 1.2587694 1.3737948 1.4328555 1.4609195 1.4737631 1.4795393 1.4821172 1.4832635 1.4837725 1.4839984 1.4840986 1.4841428 1.4841626 1.4841712 1.4841752 
-3.78795 -3.7879484 -3.7879446 -3.7879362 -3.787917 -3.7878737 -3.787777 -3.7875576 -3.7870634 -3.7859507 -3.7834485 -3.7778413 -3.7653742 -3.738132 -3.6808016 -3.5691464 -3.3811855 -3.1308932 -2.8843331 -2.7039526 -2.5986667 -2.5450957 -2.5190744 -2.4791799 -1.9693258 -1.6190073 -0.96636885 0.03128639 0.09849102 0.12512334 0.17870739 0.28399348 0.46437377 0.7109343 0.9612265 1.1491872 1.2608428 1.3181732 1.3454151 1.3578824 1.3634893 1.3659916 1.3671044 1.3675985 1.3678179 1.3679149 1.367958 1.3679771 1.3679855 1.3679894 
-3.7676873 -3.767686 -3.767682 -3.7676737 -3.7676551 -3.7676125 -3.7675169 -3.7673008 -3.7668142 -3.765718 -3.7632527 -3.757729 -3.7454474 -3.7186108 -3.6621332 -3.5521388 -3.3669739 -3.1204052 -2.8775127 -2.6998155 -2.5960958 -2.5433216 -2.5176873 -2.4783776 -1.9775382 -1.634987 -0.992624 -0.0056816363 0.060929295 0.087174766 0.13996191 0.24368177 0.42137873 0.6642714 0.9108403 1.096005 1.2059995 1.262477 1.2893137 1.3015954 1.307119 1.3095841 1.3106803 1.3111671 1.3113831 1.3114789 1.3115212 1.3115401 1.3115484 1.3115522 
-3.7568748 -3.7568734 -3.7568696 -3.7568614 -3.7568426 -3.7568002 -3.7567055 -3.756491 -3.7560074 -3.7549186 -3.75247 -3.7469838 -3.734785 -3.7081285 -3.6520314 -3.542778 -3.3588607 -3.1139526 -2.8726964 -2.6961963 -2.5931752 -2.5407567 -2.5152943 -2.476226 -1.9790429 -1.6397074 -1.0021402 -0.02037416 0.045948356 0.07202074 0.12445239 0.22747359 0.40397358 0.6452301 0.89013827 1.0740556 1.1833093 1.2394063 1.2660623 1.2782613 1.2837477 1.2861961 1.287285 1.2877685 1.2879831 1.2880781 1.2881202 1.2881389 1.2881471 1.2881509 
-3.7498417 -3.7498403 -3.7498364 -3.7498283 -3.74981 -3.7497678 -3.7496727 -3.7494586 -3.7489762 -3.7478895 -3.7454453 -3.739969 -3.7277927 -3.7011871 -3.645195 -3.5361462 -3.3525724 -3.108123 -2.8673186 -2.6911488 -2.5883205 -2.536 -2.510584 -2.4715376 -1.9745703 -1.6356316 -0.99987495 -0.020334743 0.045863163 0.07188676 0.124220274 0.22704864 0.40321824 0.64402324 0.8884728 1.0720459 1.181095 1.2370871 1.2636931 1.2758694 1.2813454 1.2837893 1.2848761 1.2853587 1.2855729 1.2856678 1.2857097 1.2857285 1.2857367 1.2857405 
-3.7427864 -3.742785 -3.7427812 -3.742773 -3.7427542 -3.7427118 -3.7426171 -3.7424026 -3.7419188 -3.74083 -3.7383811 -3.7328942 -3.7206933 -3.6940339 -3.6379297 -3.528662 -3.344721 -3.0997813 -2.8584943 -2.6819713 -2.578937 -2.5265117 -2.5010424 -2.4618113 -1.961753 -1.6206295 -0.9846984 -0.0056400173 0.06053018 0.08660231 0.13904063 0.24207509 0.4185978 0.6598854 0.9048248 1.0887659 1.1980336 1.2541379 1.2807971 1.2929978 1.2984848 1.3009336 1.3020226 1.3025062 1.3027208 1.3028158 1.302858 1.3028767 1.3028849 1.3028888 
