# name: neural
# type: matrix
# rows: 1
# columns: 
50-25.0 -2.0010133
-24.0 -2.000388
-23.0 -1.9996629
-22.0 -1.998812
-21.0 -1.99779
-20.0 -1.9965218
-19.0 -1.9948686
-18.0 -1.9925542
-17.0 -1.9889877
-16.0 -1.9827613
-15.0 -1.9700367
-14.0 -1.9390193
-13.0 -1.8558744
-12.0 -1.6824661
-11.0 -1.5067308
-10.0 -1.4186827
-9.0 -1.3818746
-8.0 -1.3613281
-7.0 -1.3417873
-6.0 -1.3087142
-5.0 -1.2167636
-4.0 -0.9260728
-3.0 -0.52460533
-2.0 -0.35184038
-1.0 -0.29233462
0.0 -0.25807756
1.0 -0.22467203
2.0 -0.14630087
3.0 0.22317058
4.0 0.47721344
5.0 0.5432546
6.0 0.5758084
7.0 0.60450464
8.0 0.63365376
9.0 0.6634867
10.0 0.69351673
11.0 0.7231327
12.0 0.7517429
13.0 0.7788405
14.0 0.8040387
15.0 0.8270866
16.0 0.8478646
17.0 0.8663665
18.0 0.8826748
19.0 0.89693266
20.0 0.90932035
21.0 0.9200338
22.0 0.92927086
23.0 0.93722
24.0 0.94405556
25.0 0.94993377
26.0 0.9549924
27.0 0.95935154
28.0 0.9631139
29.0 0.9663678
30.0 0.9691878
31.0 0.97163725
32.0 0.97377026
33.0 0.97563183
34.0 0.9772603
35.0 0.97868824
36.0 0.9799429
37.0 0.9810477
38.0 0.9820225
39.0 0.9828845
40.0 0.9836478
41.0 0.98432475
42.0 0.9849262
43.0 0.9854615
44.0 0.98593813
45.0 0.9863635
46.0 0.9867432
47.0 0.98708284
48.0 0.9873867
49.0 0.98765886
50.0 0.9879027
51.0 0.9881215
52.0 0.98831785
53.0 0.98849416
54.0 0.9886525
55.0 0.9887951
56.0 0.98892325
57.0 0.9890386
58.0 0.9891426
59.0 0.98923606
60.0 0.98932034
61.0 0.9893962
62.0 0.9894647
63.0 0.9895264
64.0 0.989582
65.0 0.989632
66.0 0.9896773
67.0 0.9897181
68.0 0.9897551
69.0 0.98978835
70.0 0.9898183
71.0 0.9898453
72.0 0.98986983
73.0 0.9898919
74.0 0.9899119
