# name: neural
# type: matrix
# rows: 50
# columns: 50
-4.728028 -4.7280264 -4.7280254 -4.728023 -4.7280164 -4.728002 -4.727969 -4.7278957 -4.7277284 -4.7273507 -4.7264943 -4.7245336 -4.7199636 -4.7088885 -4.67987 -4.5932117 -4.304437 -3.5664396 -2.8188443 -2.5165305 -2.4225657 -2.3902965 -2.3772922 -2.3477776 -0.49351966 -0.009796508 0.45043647 2.3260937 2.3566334 2.368074 2.3962429 2.4786248 2.748448 3.4553614 4.223677 4.5485854 4.6493716 4.683514 4.6966023 4.7020135 4.704336 4.705352 4.7057986 4.7059965 4.7060843 4.706123 4.70614 4.706148 4.706151 4.706153 
-4.7336583 -4.733657 -4.7336564 -4.733654 -4.733648 -4.733635 -4.7336044 -4.733537 -4.733384 -4.73304 -4.732257 -4.730465 -4.7262864 -4.7161508 -4.689533 -4.6095295 -4.3377404 -3.6132193 -2.8465955 -2.5296152 -2.4304101 -2.3962746 -2.3825731 -2.3544056 -0.526762 -0.015756108 0.44482177 2.3204737 2.351008 2.3624458 2.3906133 2.4729948 2.7428176 3.4497309 4.2180467 4.542955 4.643741 4.6778836 4.6909723 4.6963835 4.698706 4.6997213 4.7001686 4.7003665 4.700454 4.700493 4.70051 4.700518 4.700521 4.700523 
-4.746304 -4.746303 -4.7463026 -4.7463007 -4.746296 -4.7462854 -4.7462616 -4.7462087 -4.7460876 -4.7458153 -4.745197 -4.7437806 -4.7404737 -4.732425 -4.7111135 -4.645604 -4.409049 -3.7064285 -2.898578 -2.5535803 -2.4446821 -2.4071257 -2.3921504 -2.3664465 -0.5979506 -0.029135235 0.43221092 2.307851 2.3383725 2.3498046 2.3779697 2.46035 2.7301724 3.4370856 4.2054014 4.530309 4.6310954 4.665238 4.6783266 4.6837378 4.6860604 4.6870756 4.687523 4.687721 4.6878085 4.687847 4.6878643 4.6878724 4.6878753 4.687877 
-4.7767167 -4.7767158 -4.7767158 -4.7767153 -4.7767134 -4.7767096 -4.776701 -4.776681 -4.776636 -4.776535 -4.7763042 -4.7757735 -4.7745156 -4.771354 -4.762322 -4.729239 -4.56305 -3.880412 -2.9852855 -2.5920472 -2.4673338 -2.4242828 -2.4072726 -2.3855093 -0.7517384 -0.06127674 0.40188092 2.2774935 2.3079848 2.3194032 2.347562 2.42994 2.699761 3.4066734 4.1749887 4.499897 4.600683 4.6348257 4.647914 4.653325 4.6556478 4.656663 4.65711 4.657308 4.657396 4.6574345 4.6574516 4.6574597 4.6574626 4.6574645 
-4.8580627 -4.8580627 -4.858064 -4.858067 -4.8580728 -4.8580856 -4.8581142 -4.85818 -4.8583274 -4.858661 -4.859416 -4.8611283 -4.865039 -4.874051 -4.8946834 -4.9333715 -4.88353 -4.1557555 -3.100382 -2.6403923 -2.4953623 -2.4454024 -2.4258518 -2.4090168 -1.0719807 -0.14700833 0.32074475 2.196287 2.2267017 2.2380853 2.2662287 2.3485997 2.6184177 3.3253288 4.0936437 4.4185514 4.5193377 4.55348 4.5665684 4.5719795 4.574302 4.5753174 4.5757647 4.5759625 4.5760503 4.576089 4.576106 4.576114 4.576117 4.576119 
-5.096524 -5.096525 -5.0965304 -5.0965414 -5.0965657 -5.0966206 -5.096744 -5.0970225 -5.0976505 -5.0990696 -5.1022744 -5.1095304 -5.1260176 -5.163608 -5.2478247 -5.40553 -5.418044 -4.458899 -3.2033758 -2.681232 -2.5186665 -2.4628704 -2.4411893 -2.4284952 -1.6067151 -0.39633536 0.08280915 1.9581752 1.988399 1.9996951 2.0277998 2.1101537 2.379964 3.0868719 3.8551853 4.1800923 4.280878 4.3150206 4.328109 4.33352 4.3358426 4.336858 4.337305 4.337503 4.3375907 4.3376293 4.3376465 4.3376546 4.3376575 4.3376594 
-5.694169 -5.694173 -5.694183 -5.6942053 -5.694255 -5.6943674 -5.6946206 -5.6951923 -5.696479 -5.699378 -5.705893 -5.720468 -5.752698 -5.8217134 -5.9548583 -6.1207595 -5.921538 -4.6462693 -3.257507 -2.7018428 -2.5303004 -2.4715593 -2.4488084 -2.4381962 -2.1111226 -1.0084718 -0.51411235 1.3610106 1.3909714 1.4021473 1.4301989 1.5125291 1.7823291 2.489232 3.2575433 3.5824497 3.6832352 3.7173772 3.730465 3.7358766 3.738199 3.7392144 3.7396617 3.7398593 3.7399473 3.739986 3.7400029 3.740011 3.7400138 3.7400157 
-6.450716 -6.450719 -6.450727 -6.4507446 -6.4507837 -6.450872 -6.4510703 -6.451518 -6.4525247 -6.4547834 -6.4598145 -6.4708467 -6.4941435 -6.538877 -6.603187 -6.598966 -6.147136 -4.7113576 -3.2748911 -2.7083426 -2.5339518 -2.4742823 -2.4511945 -2.441238 -2.337353 -1.7582344 -1.2709618 0.6042621 0.63433313 0.64555955 0.67363334 0.7559731 1.0257777 1.7326827 2.500995 2.8259015 2.9266872 2.9608293 2.973917 2.9793286 2.981651 2.9826665 2.9831138 2.9833114 2.9833994 2.983438 2.983455 2.983463 2.983466 2.9834678 
-6.8541007 -6.854101 -6.854104 -6.8541107 -6.854124 -6.854155 -6.8542247 -6.8543816 -6.8547316 -6.8555136 -6.857227 -6.8608418 -6.867763 -6.8775024 -6.8734517 -6.7635937 -6.211602 -4.728327 -3.2793124 -2.7099867 -2.534874 -2.4749696 -2.4517968 -2.4420056 -2.4020252 -2.1470037 -1.675065 0.20040035 0.2307322 0.24207807 0.27020502 0.35256863 0.6223831 1.3292928 2.0976071 2.4225144 2.5233004 2.557443 2.570531 2.5759423 2.5782647 2.5792801 2.5797274 2.579925 2.580013 2.5800517 2.5800686 2.5800767 2.5800796 2.5800815 
-6.995715 -6.9957147 -6.995715 -6.9957166 -6.9957175 -6.9957213 -6.995729 -6.9957466 -6.995783 -6.995861 -6.9960003 -6.9961367 -6.995566 -6.990078 -6.958859 -6.8121653 -6.229564 -4.732938 -3.2805061 -2.71043 -2.5351224 -2.4751546 -2.4519591 -2.4422128 -2.4200463 -2.2817292 -1.8170241 0.058557034 0.08901405 0.1004169 0.12856913 0.2109437 0.48076367 1.1876756 1.9559908 2.2808988 2.381685 2.4158273 2.4289155 2.434327 2.4366496 2.4376647 2.438112 2.4383097 2.4383976 2.4384363 2.4384532 2.4384613 2.4384642 2.438466 
-7.0455236 -7.0455227 -7.0455227 -7.0455217 -7.045518 -7.0455112 -7.045495 -7.045459 -7.0453753 -7.045182 -7.044718 -7.0435247 -7.0401125 -7.0289392 -6.987854 -6.8283052 -6.235432 -4.7344337 -3.2808926 -2.7105732 -2.535203 -2.475215 -2.4520116 -2.4422796 -2.4259338 -2.3289003 -1.8669646 0.008660555 0.039165974 0.050590754 0.078752995 0.16113186 0.4309535 1.1378669 1.906182 2.2310898 2.3318763 2.3660188 2.3791068 2.3845181 2.3868408 2.387856 2.3883033 2.388501 2.388589 2.3886275 2.3886445 2.3886526 2.3886557 2.3886576 
-7.064556 -7.064555 -7.0645547 -7.0645533 -7.0645475 -7.0645366 -7.064511 -7.064454 -7.0643225 -7.064023 -7.063321 -7.061606 -7.0570803 -7.0436897 -6.9987955 -6.8343506 -6.237617 -4.7349887 -3.281036 -2.7106266 -2.5352325 -2.475237 -2.4520314 -2.4423041 -2.4281266 -2.346896 -1.8860493 -0.010406971 0.02011776 0.03155136 0.05971718 0.14209795 0.41192055 1.1188344 1.8871496 2.2120574 2.3128433 2.346986 2.3600738 2.3654852 2.3678079 2.3688233 2.3692706 2.3694682 2.3695562 2.3695946 2.3696115 2.3696196 2.3696227 2.3696246 
-7.0713325 -7.0713315 -7.0713305 -7.0713286 -7.0713224 -7.07131 -7.071281 -7.071216 -7.0710683 -7.07073 -7.069943 -7.0680394 -7.063113 -7.0489283 -7.0026727 -6.8364873 -6.2383876 -4.735184 -3.2810862 -2.7106452 -2.5352426 -2.4752448 -2.4520378 -2.4423127 -2.4288993 -2.353299 -1.8928431 -0.017195463 0.013335705 0.024772644 0.05293989 0.13532162 0.40514517 1.1120595 1.8803741 2.2052813 2.3060672 2.3402097 2.3532977 2.358709 2.3610318 2.362047 2.3624942 2.3626919 2.3627799 2.3628185 2.3628354 2.3628435 2.3628466 2.3628485 
-7.0713325 -7.0713315 -7.0713305 -7.0713286 -7.0713224 -7.07131 -7.071281 -7.071216 -7.0710683 -7.07073 -7.069943 -7.0680394 -7.063113 -7.0489283 -7.0026727 -6.836487 -6.2383876 -4.7351837 -3.2810857 -2.7106447 -2.5352423 -2.4752443 -2.4520373 -2.4423125 -2.428899 -2.3532987 -1.8928411 -0.017194986 0.01333642 0.02477312 0.052940845 0.13532257 0.4051473 1.1120629 1.8803763 2.2052824 2.3060677 2.3402102 2.3532982 2.3587096 2.361032 2.3620474 2.3624947 2.3626924 2.3627803 2.362819 2.362836 2.362844 2.3628469 2.3628488 
-7.0645547 -7.0645537 -7.0645533 -7.0645514 -7.064546 -7.0645347 -7.0645094 -7.064452 -7.064321 -7.0640216 -7.0633197 -7.0616045 -7.0570784 -7.0436883 -6.998794 -6.834349 -6.2376156 -4.7349873 -3.2810347 -2.7106252 -2.5352314 -2.4752355 -2.45203 -2.4423027 -2.4281254 -2.3468945 -1.8860407 -0.010405064 0.02011919 0.03155303 0.059719563 0.14210153 0.41192818 1.1188467 1.8871577 2.2120614 2.3128457 2.3469877 2.3600755 2.3654869 2.3678095 2.3688247 2.369272 2.3694696 2.3695576 2.3695962 2.3696132 2.3696213 2.3696244 2.3696263 
