# name: neural
# type: matrix
# rows: 50
# columns: 50
-4.7269225 -4.7269225 -4.726921 -4.726918 -4.7269115 -4.7268972 -4.7268643 -4.72679 -4.726623 -4.7262444 -4.725386 -4.7234206 -4.7188396 -4.7077317 -4.6786003 -4.5914373 -4.300273 -3.5569527 -2.8101358 -2.5109732 -2.4184802 -2.386793 -2.3740346 -2.3450453 -0.49983937 -0.0076869577 0.45613337 2.330274 2.3605387 2.3724136 2.401734 2.4874291 2.7668529 3.48671 4.246834 4.5607934 4.6571536 4.689666 4.7021084 4.707249 4.7094555 4.7104197 4.7108445 4.7110324 4.711116 4.711152 4.7111683 4.7111754 4.7111797 4.7111807 4.711181 4.7111816 4.7111816 4.711181 4.7111816 4.7111816 4.7111816 4.7111816 4.7111816 4.7111816 4.7111816 4.7111816 4.7111816 4.7111816 4.7111816 4.7111816 4.7111816 4.7111816 4.7111816 4.7111816 4.7111816 4.7111816 4.7111816 4.7111816 4.7111816 4.7111816 4.7111816 4.7111816 4.7111816 4.7111816 4.7111816 4.7111816 4.7111816 4.7111816 4.7111816 4.7111816 4.7111816 4.7111816 4.7111816 4.7111816 4.7111816 4.7111816 4.7111816 4.7111816 4.7111816 4.7111816 4.7111816 4.7111816 4.7111816 4.7111816 
-4.7327037 -4.7327037 -4.7327023 -4.7327 -4.732694 -4.732681 -4.7326508 -4.732583 -4.732431 -4.732085 -4.7313023 -4.72951 -4.7253294 -4.7151823 -4.6885014 -4.608107 -4.3340306 -3.603665 -2.8375423 -2.5238574 -2.426202 -2.3926778 -2.3792334 -2.35157 -0.53353614 -0.013805047 0.45036823 2.3245034 2.3547623 2.3666346 2.395954 2.4816484 2.7610717 3.480929 4.2410526 4.555012 4.6513724 4.6838846 4.696327 4.701468 4.7036743 4.7046385 4.7050633 4.705251 4.7053347 4.705371 4.705387 4.7053943 4.7053986 4.7053995 4.7054 4.7054005 4.7054005 4.7054 4.7054005 4.7054005 4.7054005 4.7054005 4.7054005 4.7054005 4.7054005 4.7054005 4.7054005 4.7054005 4.7054005 4.7054005 4.7054005 4.7054005 4.7054005 4.7054005 4.7054005 4.7054005 4.7054005 4.7054005 4.7054005 4.7054005 4.7054005 4.7054005 4.7054005 4.7054005 4.7054005 4.7054005 4.7054005 4.7054005 4.7054005 4.7054005 4.7054005 4.7054005 4.7054005 4.7054005 4.7054005 4.7054005 4.7054005 4.7054005 4.7054005 4.7054005 4.7054005 4.7054005 4.7054005 4.7054005 
-4.7456865 -4.7456865 -4.745685 -4.745683 -4.745679 -4.7456684 -4.7456446 -4.7455916 -4.7454724 -4.745201 -4.7445865 -4.743178 -4.739888 -4.7318735 -4.7106066 -4.644942 -4.40624 -3.696624 -2.8888447 -2.5474484 -2.4402475 -2.4033575 -2.38866 -2.3634198 -0.6056263 -0.027537689 0.43742144 2.3115447 2.3417904 2.3536568 2.3829734 2.4686668 2.7480898 3.4679465 4.2280703 4.54203 4.6383896 4.6709023 4.683345 4.6884856 4.690692 4.691656 4.692081 4.692269 4.6923523 4.6923885 4.6924047 4.692412 4.692416 4.692417 4.6924176 4.692418 4.692418 4.6924176 4.692418 4.692418 4.692418 4.692418 4.692418 4.692418 4.692418 4.692418 4.692418 4.692418 4.692418 4.692418 4.692418 4.692418 4.692418 4.692418 4.692418 4.692418 4.692418 4.692418 4.692418 4.692418 4.692418 4.692418 4.692418 4.692418 4.692418 4.692418 4.692418 4.692418 4.692418 4.692418 4.692418 4.692418 4.692418 4.692418 4.692418 4.692418 4.692418 4.692418 4.692418 4.692418 4.692418 4.692418 4.692418 4.692418 
-4.776897 -4.776897 -4.776897 -4.776896 -4.7768946 -4.7768908 -4.7768826 -4.7768636 -4.7768216 -4.7767253 -4.776507 -4.7760034 -4.7748075 -4.771781 -4.7630253 -4.730238 -4.561849 -3.8697236 -2.974315 -2.5852938 -2.4625313 -2.4202383 -2.4035401 -2.3821747 -0.761026 -0.06051506 0.40629524 2.2803903 2.3106053 2.3224576 2.351768 2.4374588 2.7168803 3.4367366 4.1968603 4.51082 4.6071796 4.639692 4.6521344 4.657275 4.6594815 4.6604457 4.6608706 4.6610584 4.661142 4.661178 4.6611943 4.6612015 4.661206 4.6612067 4.661207 4.6612077 4.6612077 4.661207 4.6612077 4.6612077 4.6612077 4.6612077 4.6612077 4.6612077 4.6612077 4.6612077 4.6612077 4.6612077 4.6612077 4.6612077 4.6612077 4.6612077 4.6612077 4.6612077 4.6612077 4.6612077 4.6612077 4.6612077 4.6612077 4.6612077 4.6612077 4.6612077 4.6612077 4.6612077 4.6612077 4.6612077 4.6612077 4.6612077 4.6612077 4.6612077 4.6612077 4.6612077 4.6612077 4.6612077 4.6612077 4.6612077 4.6612077 4.6612077 4.6612077 4.6612077 4.6612077 4.6612077 4.6612077 4.6612077 
-4.8602886 -4.8602896 -4.8602905 -4.8602934 -4.860299 -4.8603125 -4.8603425 -4.8604107 -4.860565 -4.860912 -4.861698 -4.863481 -4.8675494 -4.876912 -4.898266 -4.9378247 -4.884184 -4.142547 -3.0875654 -2.6328175 -2.49009 -2.4410083 -2.421814 -2.405291 -1.0831344 -0.14837636 0.3231179 2.1971412 2.2272782 2.239095 2.2683897 2.3540733 2.6334918 3.3533468 4.1134696 4.4274287 4.5237885 4.5563006 4.568743 4.573884 4.5760903 4.5770545 4.5774794 4.577667 4.5777507 4.577787 4.577803 4.5778103 4.5778146 4.5778155 4.577816 4.5778165 4.5778165 4.577816 4.5778165 4.5778165 4.5778165 4.5778165 4.5778165 4.5778165 4.5778165 4.5778165 4.5778165 4.5778165 4.5778165 4.5778165 4.5778165 4.5778165 4.5778165 4.5778165 4.5778165 4.5778165 4.5778165 4.5778165 4.5778165 4.5778165 4.5778165 4.5778165 4.5778165 4.5778165 4.5778165 4.5778165 4.5778165 4.5778165 4.5778165 4.5778165 4.5778165 4.5778165 4.5778165 4.5778165 4.5778165 4.5778165 4.5778165 4.5778165 4.5778165 4.5778165 4.5778165 4.5778165 4.5778165 4.5778165 
-5.1039257 -5.103928 -5.103933 -5.103944 -5.1039686 -5.1040244 -5.1041503 -5.1044335 -5.105074 -5.1065183 -5.109782 -5.117168 -5.1339383 -5.1721077 -5.257248 -5.414613 -5.417242 -4.4412875 -3.1886961 -2.6729228 -2.512987 -2.4581769 -2.4368906 -2.424433 -1.6164324 -0.40299827 0.08001226 1.9538572 1.9838012 1.9955297 2.024785 2.1104515 2.3898623 3.109714 3.869835 4.1837935 4.2801533 4.312665 4.3251076 4.3302484 4.3324547 4.333419 4.3338437 4.3340316 4.334115 4.3341513 4.3341675 4.3341746 4.334179 4.33418 4.3341804 4.334181 4.334181 4.3341804 4.334181 4.334181 4.334181 4.334181 4.334181 4.334181 4.334181 4.334181 4.334181 4.334181 4.334181 4.334181 4.334181 4.334181 4.334181 4.334181 4.334181 4.334181 4.334181 4.334181 4.334181 4.334181 4.334181 4.334181 4.334181 4.334181 4.334181 4.334181 4.334181 4.334181 4.334181 4.334181 4.334181 4.334181 4.334181 4.334181 4.334181 4.334181 4.334181 4.334181 4.334181 4.334181 4.334181 4.334181 4.334181 4.334181 
-5.708841 -5.7088456 -5.7088556 -5.7088776 -5.7089276 -5.70904 -5.7092934 -5.709864 -5.7111516 -5.71405 -5.720563 -5.7351255 -5.7672925 -5.8359895 -5.967639 -6.127721 -5.914057 -4.6250367 -3.2417543 -2.6931436 -2.524409 -2.466711 -2.4443755 -2.4339597 -2.1141615 -1.0221301 -0.5241923 1.3494141 1.3790995 1.3907098 1.4199132 1.5055561 1.7849567 2.5048037 3.2649229 3.5788805 3.6752398 3.7077515 3.7201939 3.725335 3.727541 3.7285051 3.7289302 3.7291179 3.729201 3.7292376 3.729254 3.7292612 3.729265 3.729266 3.729267 3.7292671 3.729267 3.729267 3.7292674 3.7292674 3.7292674 3.7292674 3.7292674 3.7292674 3.7292674 3.7292674 3.7292674 3.7292674 3.7292674 3.7292674 3.7292674 3.7292674 3.7292674 3.7292674 3.7292674 3.7292674 3.7292674 3.7292674 3.7292674 3.7292674 3.7292674 3.7292674 3.7292674 3.7292674 3.7292674 3.7292674 3.7292674 3.7292674 3.7292674 3.7292674 3.7292674 3.7292674 3.7292674 3.7292674 3.7292674 3.7292674 3.7292674 3.7292674 3.7292674 3.7292674 3.7292674 3.7292674 3.7292674 3.7292674 
