# name: ./behaviours/takebehaviour2/upperarm.fcl
# type: matrix
# rows: 100
# columns: 100
-30.0;-4.975245;-4.975244;-4.975242;-4.975239;-4.9752345;-4.9752283;-4.9752183;-4.975204;-4.975182;-4.9751487;-4.975099;-4.975024;-4.9749126;-4.974744;-4.9744916;-4.9741125;-4.973543;-4.972688;-4.971406;-4.9694834;-4.9666004;-4.9622855;-4.9558334;-4.946207;-4.9318924;-4.9107075;-4.8795795;-4.8343163;-4.769488;-4.678628;-4.555075;-4.393792;-4.194132;-3.9625735;-3.7134945;-3.466354;-3.2400231;-3.0474644;-2.8936374;-2.7768147;-2.6914563;-2.630822;-2.5885837;-2.559429;-2.5386243;-2.5181026;-2.4616191;-2.1759794;-1.235301;-0.34068534;-0.04807155;0.24859238;1.1606007;2.1198213;2.4110098;2.468436;2.4890993;2.5099258;2.5390835;2.5813217;2.641956;2.7273145;2.844137;2.997965;3.1905239;3.416854;3.6639946;3.9130738;4.144633;4.344293;4.505575;4.6291294;4.7199883;4.784816;4.83008;4.8612084;4.882393;4.896708;4.906334;4.912786;4.917101;4.9199834;4.921906;4.9231887;4.924043;4.924613;4.924992;4.9252443;4.925413;4.925525;4.9255996;4.925649;4.925682;4.9257045;4.925719;4.925729;4.925735;4.92574;4.9257426;4.9257445
-29.4;-4.96456;-4.964559;-4.964557;-4.964554;-4.9645495;-4.9645433;-4.9645333;-4.964519;-4.9644976;-4.964464;-4.9644146;-4.96434;-4.964229;-4.9640613;-4.9638095;-4.9634323;-4.9628654;-4.962014;-4.9607377;-4.958823;-4.9559526;-4.9516563;-4.945232;-4.935647;-4.9213943;-4.900301;-4.8693075;-4.8242397;-4.7596908;-4.6692233;-4.5462036;-4.385617;-4.1868186;-3.9562597;-3.7082558;-3.462182;-3.236828;-3.0451005;-2.8919377;-2.775619;-2.6906292;-2.6302567;-2.5882008;-2.5591717;-2.538457;-2.5180235;-2.461788;-2.1775644;-1.2435206;-0.35796136;-0.068544604;0.22660142;1.1368079;2.0972111;2.3893387;2.446918;2.4675534;2.4882991;2.517332;2.5593882;2.6197608;2.7047508;2.8210692;2.9742332;3.1659608;3.3913138;3.6373878;3.8853917;4.115951;4.3147492;4.475335;4.5983562;4.6888227;4.753371;4.7984395;4.8294334;4.8505263;4.8647795;4.874364;4.8807883;4.8850846;4.8879547;4.889869;4.8911457;4.891997;4.8925643;4.8929415;4.8931932;4.8933606;4.893472;4.8935466;4.8935957;4.8936286;4.893651;4.8936653;4.8936753;4.8936815;4.8936863;4.893689;4.893691
-28.8;-4.9494514;-4.9494505;-4.9494486;-4.9494452;-4.9494414;-4.949435;-4.949425;-4.949411;-4.9493895;-4.949356;-4.949307;-4.9492335;-4.9491224;-4.948956;-4.9487057;-4.948331;-4.9477673;-4.946922;-4.945653;-4.94375;-4.940897;-4.936627;-4.930242;-4.9207163;-4.9065514;-4.885587;-4.854783;-4.8099914;-4.745838;-4.6559258;-4.53366;-4.374058;-4.1764774;-3.947332;-3.7008483;-3.4562829;-3.2323103;-3.0417578;-2.889534;-2.773929;-2.6894593;-2.6294575;-2.5876591;-2.558808;-2.53822;-2.5179117;-2.4620264;-2.1798027;-1.2550808;-0.38217044;-0.09720945;0.19578531;1.1033454;2.0652876;2.3587058;2.4164953;2.4370902;2.457721;2.4865782;2.5283766;2.5883791;2.6728482;2.7884536;2.9406788;3.131231;3.355203;3.5997684;3.846252;4.075398;4.272978;4.4325795;4.5548463;4.644758;4.7089105;4.753703;4.7845073;4.805471;4.819637;4.829162;4.835547;4.839817;4.8426695;4.8445725;4.8458414;4.846687;4.847251;4.8476257;4.847876;4.8480425;4.8481536;4.848227;4.848276;4.848309;4.848331;4.8483453;4.8483553;4.8483615;4.848366;4.8483686;4.8483706
-28.2;-4.928284;-4.928283;-4.9282813;-4.928278;-4.928274;-4.928268;-4.9282584;-4.9282436;-4.9282227;-4.9281898;-4.928141;-4.9280677;-4.927958;-4.9277925;-4.927545;-4.927173;-4.9266143;-4.925776;-4.924518;-4.9226317;-4.9198036;-4.9155703;-4.9092407;-4.899797;-4.885754;-4.864971;-4.8344336;-4.790029;-4.7264304;-4.6372943;-4.5160856;-4.357862;-4.1619897;-3.9348242;-3.6904707;-3.4480186;-3.2259815;-3.0370758;-2.886167;-2.771561;-2.6878214;-2.6283379;-2.5869007;-2.5582988;-2.5378888;-2.5177553;-2.4623606;-2.1829324;-1.2711585;-0.4156698;-0.13682796;0.15314338;1.0568063;2.020646;2.3157983;2.373871;2.394407;2.4148777;2.443488;2.4849257;2.5444098;2.628149;2.7427554;2.893665;3.0825708;3.3046072;3.5470593;3.791413;4.018579;4.214452;4.372674;4.493884;4.5830193;4.6466174;4.691023;4.7215605;4.742343;4.7563868;4.76583;4.7721596;4.776393;4.77922;4.781107;4.782365;4.783203;4.783762;4.784134;4.784382;4.7845473;4.784657;4.78473;4.7847786;4.784811;4.784833;4.7848473;4.784857;4.784863;4.784868;4.7848706;4.784872
-27.6;-4.8989973;-4.898997;-4.898995;-4.8989916;-4.8989873;-4.8989816;-4.898972;-4.8989577;-4.8989367;-4.8989043;-4.898856;-4.8987837;-4.8986754;-4.898512;-4.8982673;-4.8978996;-4.897348;-4.8965197;-4.895277;-4.893413;-4.8906193;-4.886437;-4.8801837;-4.870854;-4.856981;-4.8364487;-4.8062787;-4.7624097;-4.6995783;-4.6115174;-4.49177;-4.3354554;-4.1419444;-3.9175186;-3.6761115;-3.4365833;-3.217224;-3.0305965;-2.8815079;-2.768284;-2.6855543;-2.6267881;-2.5858507;-2.5575938;-2.5374293;-2.517539;-2.4628227;-2.1872509;-1.2931749;-0.46122515;-0.19061814;0.09515511;0.9930761;1.9590522;2.2564623;2.3149035;2.3353548;2.3556025;2.3838713;2.4248104;2.4835768;2.5663066;2.6795301;2.82862;3.0152473;3.234606;3.4741342;3.7155411;3.9399672;4.1334777;4.2897916;4.40954;4.4976;4.560431;4.604301;4.634471;4.6550026;4.6688766;4.678206;4.684459;4.6886415;4.691435;4.693299;4.6945415;4.6953697;4.695922;4.6962895;4.696534;4.6966977;4.696806;4.6968784;4.6969266;4.6969585;4.69698;4.6969943;4.697004;4.6970096;4.6970143;4.697017;4.6970186
-27.0;-4.859181;-4.85918;-4.8591785;-4.859175;-4.859171;-4.859165;-4.8591557;-4.859142;-4.8591213;-4.8590894;-4.859042;-4.8589706;-4.8588643;-4.8587036;-4.858463;-4.8581014;-4.8575587;-4.8567443;-4.855522;-4.8536897;-4.8509417;-4.846829;-4.8406796;-4.8315043;-4.817861;-4.7976694;-4.768001;-4.72486;-4.663071;-4.576472;-4.4587116;-4.3049912;-4.114692;-3.893991;-3.6565902;-3.4210374;-3.2053187;-3.0217886;-2.8751743;-2.7638292;-2.6824727;-2.6246812;-2.5844235;-2.5566356;-2.5368059;-2.5172443;-2.4634507;-2.1931;-1.3226924;-0.52173096;-0.26190746;0.018136185;0.9076329;1.8756233;2.1758409;2.2347398;2.25507;2.2750142;2.3028185;2.3430784;2.4008698;2.4822261;2.5935714;2.7401867;2.923717;3.139435;3.3749878;3.6123884;3.8330898;4.0233884;4.177109;4.2948694;4.3814683;4.4432564;4.486398;4.516067;4.536258;4.549902;4.559077;4.565226;4.569339;4.5720863;4.573919;4.575141;4.5759554;4.5764985;4.57686;4.5771008;4.5772614;4.577368;4.5774393;4.5774865;4.577518;4.577539;4.577553;4.5775623;4.577568;4.577573;4.577575;4.577577
-26.4;-4.8063126;-4.806312;-4.80631;-4.806307;-4.806303;-4.8062973;-4.8062882;-4.8062744;-4.8062544;-4.806223;-4.8061767;-4.8061075;-4.806003;-4.805846;-4.8056107;-4.8052573;-4.804727;-4.8039308;-4.802736;-4.8009443;-4.7982583;-4.7942376;-4.788226;-4.7792563;-4.7659187;-4.7461796;-4.717176;-4.6750016;-4.6145973;-4.529938;-4.4148173;-4.264541;-4.0785065;-3.8627508;-3.63067;-3.4003956;-3.1895106;-3.010093;-2.866764;-2.7579138;-2.6783805;-2.6218843;-2.5825286;-2.5553632;-2.5359776;-2.5168536;-2.4642832;-2.2008274;-1.361163;-0.59962404;-0.3534254;-0.08101537;0.7962737;1.7654014;2.0688834;2.1283143;2.1484716;2.168011;2.1951985;2.2345572;2.2910538;2.370587;2.479437;2.6227672;2.8021848;3.0130692;3.2433436;3.4754243;3.6911805;3.8772151;4.0274906;4.142613;4.227271;4.2876744;4.3298497;4.358854;4.3785925;4.3919306;4.4008994;4.406911;4.4109316;4.413617;4.415409;4.416604;4.4174;4.417931;4.4182844;4.4185195;4.4186764;4.418781;4.4188504;4.4188967;4.418927;4.418948;4.4189615;4.418971;4.418977;4.418981;4.4189835;4.4189854
