# name: fuzzysystem
# type: matrix
# rows: 50
# columns: 
50
-4.975245 -4.975244 -4.975242 -4.975239 -4.9752345 -4.9752283 -4.9752183 -4.975204 -4.975182 -4.9751487 -4.975099 -4.975024 -4.9749126 -4.974744 -4.9744916 -4.9741125 -4.973543 -4.972688 -4.971406 -4.9694834 -4.9666004 -4.9622855 -4.9558334 -4.946207 -4.9318924 -4.9107075 -4.8795795 -4.8343163 -4.769488 -4.678628 -4.555075 -4.393792 -4.194132 -3.9625735 -3.7134945 -3.466354 -3.2400231 -3.0474644 -2.8936374 -2.7768147 -2.6914563 -2.630822 -2.5885837 -2.559429 -2.5386243 -2.5181026 -2.4616191 -2.1759794 -1.235301 -0.34068534 
-4.96456 -4.964559 -4.964557 -4.964554 -4.9645495 -4.9645433 -4.9645333 -4.964519 -4.9644976 -4.964464 -4.9644146 -4.96434 -4.964229 -4.9640613 -4.9638095 -4.9634323 -4.9628654 -4.962014 -4.9607377 -4.958823 -4.9559526 -4.9516563 -4.945232 -4.935647 -4.9213943 -4.900301 -4.8693075 -4.8242397 -4.7596908 -4.6692233 -4.5462036 -4.385617 -4.1868186 -3.9562597 -3.7082558 -3.462182 -3.236828 -3.0451005 -2.8919377 -2.775619 -2.6906292 -2.6302567 -2.5882008 -2.5591717 -2.538457 -2.5180235 -2.461788 -2.1775644 -1.2435206 -0.35796136 
-4.9494514 -4.9494505 -4.9494486 -4.9494452 -4.9494414 -4.949435 -4.949425 -4.949411 -4.9493895 -4.949356 -4.949307 -4.9492335 -4.9491224 -4.948956 -4.9487057 -4.948331 -4.9477673 -4.946922 -4.945653 -4.94375 -4.940897 -4.936627 -4.930242 -4.9207163 -4.9065514 -4.885587 -4.854783 -4.8099914 -4.745838 -4.6559258 -4.53366 -4.374058 -4.1764774 -3.947332 -3.7008483 -3.4562829 -3.2323103 -3.0417578 -2.889534 -2.773929 -2.6894593 -2.6294575 -2.5876591 -2.558808 -2.53822 -2.5179117 -2.4620264 -2.1798027 -1.2550808 -0.38217044 
-4.928284 -4.928283 -4.9282813 -4.928278 -4.928274 -4.928268 -4.9282584 -4.9282436 -4.9282227 -4.9281898 -4.928141 -4.9280677 -4.927958 -4.9277925 -4.927545 -4.927173 -4.9266143 -4.925776 -4.924518 -4.9226317 -4.9198036 -4.9155703 -4.9092407 -4.899797 -4.885754 -4.864971 -4.8344336 -4.790029 -4.7264304 -4.6372943 -4.5160856 -4.357862 -4.1619897 -3.9348242 -3.6904707 -3.4480186 -3.2259815 -3.0370758 -2.886167 -2.771561 -2.6878214 -2.6283379 -2.5869007 -2.5582988 -2.5378888 -2.5177553 -2.4623606 -2.1829324 -1.2711585 -0.4156698 
-4.8989973 -4.898997 -4.898995 -4.8989916 -4.8989873 -4.8989816 -4.898972 -4.8989577 -4.8989367 -4.8989043 -4.898856 -4.8987837 -4.8986754 -4.898512 -4.8982673 -4.8978996 -4.897348 -4.8965197 -4.895277 -4.893413 -4.8906193 -4.886437 -4.8801837 -4.870854 -4.856981 -4.8364487 -4.8062787 -4.7624097 -4.6995783 -4.6115174 -4.49177 -4.3354554 -4.1419444 -3.9175186 -3.6761115 -3.4365833 -3.217224 -3.0305965 -2.8815079 -2.768284 -2.6855543 -2.6267881 -2.5858507 -2.5575938 -2.5374293 -2.517539 -2.4628227 -2.1872509 -1.2931749 -0.46122515 
-4.859181 -4.85918 -4.8591785 -4.859175 -4.859171 -4.859165 -4.8591557 -4.859142 -4.8591213 -4.8590894 -4.859042 -4.8589706 -4.8588643 -4.8587036 -4.858463 -4.8581014 -4.8575587 -4.8567443 -4.855522 -4.8536897 -4.8509417 -4.846829 -4.8406796 -4.8315043 -4.817861 -4.7976694 -4.768001 -4.72486 -4.663071 -4.576472 -4.4587116 -4.3049912 -4.114692 -3.893991 -3.6565902 -3.4210374 -3.2053187 -3.0217886 -2.8751743 -2.7638292 -2.6824727 -2.6246812 -2.5844235 -2.5566356 -2.5368059 -2.5172443 -2.4634507 -2.1931 -1.3226924 -0.52173096 
-4.8063126 -4.806312 -4.80631 -4.806307 -4.806303 -4.8062973 -4.8062882 -4.8062744 -4.8062544 -4.806223 -4.8061767 -4.8061075 -4.806003 -4.805846 -4.8056107 -4.8052573 -4.804727 -4.8039308 -4.802736 -4.8009443 -4.7982583 -4.7942376 -4.788226 -4.7792563 -4.7659187 -4.7461796 -4.717176 -4.6750016 -4.6145973 -4.529938 -4.4148173 -4.264541 -4.0785065 -3.8627508 -3.63067 -3.4003956 -3.1895106 -3.010093 -2.866764 -2.7579138 -2.6783805 -2.6218843 -2.5825286 -2.5553632 -2.5359776 -2.5168536 -2.4642832 -2.2008274 -1.361163 -0.59962404 
-4.738279 -4.738278 -4.738276 -4.7382736 -4.7382693 -4.738264 -4.7382545 -4.738242 -4.738222 -4.7381916 -4.7381473 -4.7380795 -4.737978 -4.737826 -4.7375975 -4.737255 -4.73674 -4.735967 -4.734808 -4.7330685 -4.7304616 -4.7265596 -4.7207255 -4.7120204 -4.699076 -4.6799192 -4.6517715 -4.610841 -4.552219 -4.470057 -4.3583317 -4.2124877 -4.031941 -3.8225489 -3.597314 -3.373832 -3.1691675 -2.995042 -2.8559408 -2.7503016 -2.673114 -2.6182845 -2.5800896 -2.5537252 -2.5349114 -2.5163503 -2.4653535 -2.2107065 -1.4094944 -0.6959683 
-4.654171 -4.6541705 -4.6541686 -4.6541657 -4.654162 -4.6541567 -4.654148 -4.654135 -4.6541166 -4.654087 -4.654044 -4.6539793 -4.653882 -4.653735 -4.6535153 -4.6531854 -4.65269 -4.651946 -4.6508303 -4.6491566 -4.646648 -4.6428924 -4.6372776 -4.6288996 -4.6164417 -4.598005 -4.5709143 -4.531522 -4.475102 -4.396027 -4.2885 -4.148136 -3.974373 -3.772849 -3.556077 -3.340992 -3.1440175 -2.9764347 -2.8425603 -2.7408903 -2.666603 -2.6138337 -2.5770736 -2.5517 -2.5335922 -2.515728 -2.4666739 -2.2228196 -1.4674902 -0.8094069 
-4.5551987 -4.555198 -4.5551963 -4.555194 -4.55519 -4.555185 -4.5551767 -4.555165 -4.5551467 -4.5551186 -4.5550776 -4.5550156 -4.5549226 -4.554783 -4.554573 -4.5542583 -4.553786 -4.5530763 -4.5520115 -4.5504146 -4.5480213 -4.5444384 -4.539081 -4.5310884 -4.5192027 -4.5016127 -4.4757667 -4.438184 -4.384356 -4.308914 -4.2063265 -4.0724115 -3.906631 -3.714365 -3.5075517 -3.3023477 -3.1144223 -2.9545383 -2.826814 -2.729815 -2.6589403 -2.6085951 -2.573524 -2.5493162 -2.5320396 -2.5149941 -2.4682245 -2.236934 -1.5333686 -0.935479 
-4.445277 -4.4452763 -4.445275 -4.445272 -4.445269 -4.445264 -4.445256 -4.4452443 -4.445227 -4.4452014 -4.445162 -4.4451036 -4.445016 -4.444883 -4.444685 -4.4443865 -4.443939 -4.4432673 -4.44226 -4.4407487 -4.438483 -4.435092 -4.4300213 -4.422456 -4.411206 -4.3945565 -4.3700924 -4.3345203 -4.2835703 -4.212163 -4.1150618 -3.9883084 -3.8313935 -3.6494102 -3.453657 -3.259427 -3.0815516 -2.930218 -2.8093243 -2.7175124 -2.6504283 -2.6027753 -2.5695798 -2.5466661 -2.5303133 -2.514178 -2.469941 -2.2524347 -1.6036966 -1.0669073 
-4.3307657 -4.3307652 -4.330764 -4.3307614 -4.330758 -4.330754 -4.330746 -4.330735 -4.3307195 -4.3306947 -4.330658 -4.3306026 -4.33052 -4.330395 -4.3302083 -4.329928 -4.329507 -4.328875 -4.3279266 -4.326504 -4.324372 -4.3211803 -4.316408 -4.309288 -4.2987 -4.2830305 -4.260007 -4.2265277 -4.178577 -4.1113725 -4.0199866 -3.9006934 -3.7530143 -3.5817418 -3.39751 -3.2147121 -3.0473063 -2.9048796 -2.7911015 -2.7046933 -2.641558 -2.5967097 -2.565468 -2.5439029 -2.528512 -2.5133247 -2.4717224 -2.268388 -1.6739691 -1.1950887 
-4.2191596 -4.219159 -4.2191577 -4.2191553 -4.2191525 -4.219148 -4.2191415 -4.219131 -4.219116 -4.219093 -4.2190585 -4.2190065 -4.218929 -4.218812 -4.2186365 -4.218373 -4.2179775 -4.217384 -4.2164936 -4.215158 -4.2131557 -4.2101583 -4.205677 -4.198991 -4.189049 -4.1743345 -4.1527133 -4.121275 -4.0762467 -4.013139 -3.9273221 -3.8153002 -3.6766217 -3.515788 -3.3427851 -3.1711285 -3.0139258 -2.8801801 -2.7733364 -2.6921954 -2.6329074 -2.5907931 -2.5614552 -2.5412047 -2.526751 -2.5124881 -2.47345 -2.283747 -1.7396928 -1.3122299 
-4.117225 -4.1172247 -4.1172237 -4.1172214 -4.1172185 -4.1172147 -4.117208 -4.1171985 -4.117184 -4.117162 -4.1171303 -4.117081 -4.117008 -4.116898 -4.116733 -4.116485 -4.116113 -4.115555 -4.114717 -4.1134605 -4.111577 -4.1087575 -4.104542 -4.098252 -4.088899 -4.075057 -4.0547175 -4.0251427 -3.9827838 -3.9234164 -3.8426867 -3.7373047 -3.6068466 -3.4555464 -3.2927983 -3.1313167 -2.9834323 -2.8576145 -2.7571042 -2.6807723 -2.624999 -2.5853806 -2.5577822 -2.5387313 -2.525134 -2.511716 -2.4750156 -2.2976086 -1.797464 -1.4130821 
